-0.029755 
0.008026 
0.010376 
-0.001373 
-0.006073 
-0.013306 
0.024292 
-0.006104 
0.003632 
-0.008881 
-0.028809 
-0.016907 
0.023102 
0.015839 
-0.016174 
0.010162 
-0.011414 
-0.000824 
0.010773 
0.008301 
0.007355 
-0.002808 
-0.008820 
0.006042 
0.014771 
0.006989 
-0.013733 
0.013580 
-0.026001 
0.008057 
-0.006805 
-0.003723 
0.002258 
-0.004547 
-0.000702 
-0.007874 
0.021484 
0.017975 
-0.023926 
-0.018402 
0.038635 
0.003418 
-0.008026 
0.007080 
-0.012360 
-0.022278 
-0.001007 
-0.014832 
-0.012634 
-0.001099 
-0.016113 
0.001678 
0.009552 
-0.010101 
0.001495 
0.018646 
0.006836 
-0.008209 
-0.022736 
0.015961 
-0.005035 
0.008911 
-0.020844 
-0.016144 
0.023468 
0.001648 
-0.009796 
0.027313 
0.009949 
-0.004242 
-0.016235 
-0.014221 
-0.016083 
-0.002960 
-0.009155 
0.029449 
-0.005157 
0.007111 
-0.008667 
-0.021606 
0.017975 
0.000977 
-0.013031 
0.001068 
-0.004303 
-0.008728 
0.025909 
0.002350 
-0.034119 
-0.009735 
-0.008484 
-0.017975 
0.012451 
-0.016022 
-0.030792 
0.024567 
0.005096 
-0.007446 
-0.031250 
0.016205 
0.010956 
-0.014343 
-0.014832 
0.010803 
-0.004791 
-0.018127 
-0.021667 
0.004059 
0.000580 
-0.030334 
0.001953 
0.018127 
-0.005646 
-0.001251 
-0.023071 
-0.002502 
0.028198 
-0.000580 
-0.027344 
0.004974 
-0.000732 
-0.038391 
0.020172 
-0.008392 
-0.005249 
0.017029 
-0.002625 
0.021942 
-0.016052 
-0.028656 
0.014160 
-0.001526 
-0.017670 
-0.003540 
-0.013336 
0.004395 
-0.028320 
0.016113 
0.011230 
0.005798 
-0.005096 
-0.011444 
-0.001007 
0.008820 
-0.018494 
-0.006439 
-0.024750 
0.008453 
0.005341 
0.008240 
0.013245 
-0.016510 
-0.004486 
0.004120 
0.009216 
0.009705 
-0.006958 
0.017700 
-0.005493 
-0.022644 
-0.026794 
0.018402 
-0.029083 
0.003326 
0.001404 
0.064789 
0.007324 
0.009399 
-0.002716 
0.006195 
0.000885 
-0.026855 
-0.021332 
0.015961 
-0.009552 
-0.005524 
-0.005676 
-0.005707 
-0.001312 
0.013763 
-0.008972 
-0.017273 
0.004974 
-0.013794 
0.005432 
0.011169 
0.013245 
-0.002991 
0.002960 
-0.014038 
0.008301 
-0.001984 
0.008606 
-0.003906 
0.015961 
-0.032318 
-0.005005 
0.006317 
-0.001221 
-0.028870 
-0.005157 
0.001526 
-0.015503 
0.000793 
0.002655 
0.061188 
-0.002472 
0.015381 
0.028442 
-0.001801 
-0.006378 
-0.007904 
0.017090 
-0.008057 
0.002808 
-0.010895 
0.013275 
0.026703 
-0.004761 
0.015625 
-0.009338 
-0.051849 
-0.070435 
-0.037292 
-0.003967 
0.045715 
-0.012299 
-0.031372 
-0.014435 
0.010529 
0.007568 
0.009735 
-0.018311 
-0.004791 
0.011047 
0.051056 
-0.011993 
-0.003296 
-0.003815 
0.018707 
-0.006470 
-0.023071 
-0.007690 
0.033325 
0.026642 
0.053833 
0.011261 
-0.014252 
0.008759 
0.001251 
0.006104 
0.004517 
-0.002747 
-0.001434 
0.003479 
0.004791 
0.003510 
0.008057 
0.003693 
0.002808 
-0.001923 
0.006195 
0.000946 
-0.024200 
-0.004639 
0.007294 
-0.021210 
-0.009918 
-0.006805 
0.011932 
0.022980 
0.010132 
0.004486 
-0.005646 
-0.017059 
-0.006653 
0.014954 
-0.000763 
-0.011841 
-0.000275 
-0.032990 
-0.006195 
0.010834 
0.003296 
-0.007782 
-0.014221 
-0.010620 
0.006409 
0.005035 
0.000977 
0.024078 
0.014038 
-0.008026 
0.006927 
-0.000061 
-0.005554 
0.009521 
-0.010773 
-0.010895 
-0.031189 
-0.008362 
0.063049 
0.118134 
0.036743 
0.033966 
-0.440643 
0.048828 
0.617310 
0.078217 
0.560211 
0.604218 
0.800903 
0.259979 
-0.416565 
-0.309570 
-0.180084 
-0.450165 
0.252533 
-0.087585 
0.137756 
-0.028961 
0.209869 
0.385834 
-0.074432 
0.046417 
0.393860 
-0.260590 
-0.197876 
-0.443054 
0.103790 
-0.146698 
-0.281403 
-0.244537 
-0.128326 
-0.053925 
-0.349426 
-0.062622 
-0.072723 
-0.005035 
0.272064 
0.276306 
0.101990 
-0.023865 
0.151642 
0.089264 
0.264954 
0.162476 
0.187408 
0.133453 
0.392090 
0.200928 
-0.042358 
-0.196411 
-0.140778 
-0.333191 
-0.276367 
-0.065460 
-0.053833 
-0.278107 
0.118988 
-0.193024 
-0.323120 
-0.258240 
-0.084229 
0.154419 
0.145508 
-0.078644 
-0.219482 
0.024689 
0.033813 
-0.353149 
0.070068 
0.017792 
-0.193298 
0.289276 
0.293549 
0.062073 
0.029480 
0.084778 
0.084137 
0.228180 
0.211823 
0.091156 
-0.237488 
0.234741 
-0.012268 
0.286499 
-0.130798 
0.681519 
-0.040070 
-0.148315 
-0.604492 
0.011780 
-0.009338 
0.011414 
0.125305 
0.264709 
0.084595 
0.203705 
-0.042114 
0.210114 
-0.234070 
-0.256165 
0.000488 
-0.035645 
-0.101440 
0.175018 
-0.202881 
-0.012207 
-0.025116 
0.020599 
-0.023193 
-0.067413 
0.067932 
0.090759 
0.028656 
-0.174957 
0.001404 
-0.125580 
0.017853 
0.020203 
-0.053406 
0.266937 
-0.030884 
-0.075134 
-0.050903 
0.010986 
-0.004181 
-0.252930 
-0.134033 
-0.058960 
-0.097473 
-0.109406 
-0.065430 
0.015289 
0.040802 
0.064423 
0.117523 
0.072296 
0.043152 
0.061432 
0.040619 
0.090698 
0.062408 
0.102051 
0.054169 
0.063904 
0.012115 
0.009277 
0.031189 
-0.017853 
0.002747 
0.009888 
-0.003601 
-0.003540 
-0.004272 
0.009521 
0.001923 
0.011139 
-0.009979 
-0.008636 
0.041718 
-0.046783 
-0.032562 
-0.050934 
-0.068481 
-0.114777 
-0.054657 
-0.107574 
-0.105316 
-0.080841 
-0.014557 
-0.039307 
-0.018066 
-0.005920 
0.032227 
0.056335 
0.030640 
0.022339 
0.070099 
0.028595 
0.005920 
0.042969 
0.001709 
-0.017731 
-0.017639 
0.017487 
0.007446 
0.026978 
0.022491 
-0.001831 
0.011688 
0.008270 
0.022705 
-0.012970 
-0.018311 
-0.020996 
-0.010773 
0.015503 
-0.023590 
-0.011169 
0.051361 
-0.011871 
-0.005035 
0.006775 
0.003326 
0.006897 
0.027252 
-0.023041 
-0.021576 
-0.013397 
0.009552 
-0.009705 
-0.007965 
-0.005005 
0.005066 
0.050171 
-0.020142 
0.018951 
0.014435 
0.053284 
-0.030548 
0.018799 
-0.023712 
-0.032288 
-0.087616 
-0.013367 
-0.007233 
0.030304 
-0.063873 
-0.060303 
-0.051392 
-0.065216 
-0.027557 
-0.020081 
0.029114 
0.047546 
0.058411 
0.101318 
-0.015411 
-0.025024 
-0.001007 
0.119965 
0.182831 
0.148865 
0.118439 
0.054077 
0.088989 
0.025269 
0.016083 
-0.012482 
-0.045898 
-0.065704 
-0.082367 
-0.122131 
-0.066101 
-0.057587 
-0.091675 
-0.116272 
-0.079834 
-0.152130 
-0.135468 
-0.106720 
-0.037933 
-0.000977 
0.033905 
0.048615 
0.035370 
0.031311 
0.023956 
0.022858 
0.032837 
0.061035 
0.027435 
0.042267 
0.055634 
0.025909 
0.030060 
-0.012512 
-0.003174 
-0.052246 
-0.006866 
0.020599 
0.026855 
-0.008301 
0.028290 
0.030975 
0.038300 
-0.000244 
0.022491 
0.014282 
0.008545 
-0.011261 
0.024017 
0.028320 
-0.011871 
0.006836 
-0.005035 
0.008850 
-0.011566 
0.033752 
-0.002045 
0.004639 
0.007568 
0.016907 
0.009735 
-0.008850 
0.001343 
-0.017487 
0.009918 
0.011841 
-0.013641 
-0.017029 
0.004730 
0.012329 
-0.003448 
-0.027405 
0.010468 
0.013794 
0.006592 
0.006287 
-0.001556 
-0.006195 
-0.006470 
-0.002380 
0.008820 
-0.011139 
-0.021851 
0.011169 
0.006134 
0.017395 
0.006409 
0.021454 
-0.015961 
-0.009155 
0.004303 
0.011505 
-0.011169 
-0.027802 
0.003998 
-0.003326 
0.008698 
-0.017181 
0.036743 
0.090546 
0.066559 
-0.097015 
0.146179 
-0.219055 
-0.007965 
0.121918 
0.041901 
0.062988 
-0.091370 
-0.093750 
-0.302917 
-0.005829 
-0.151642 
-0.038300 
0.244568 
0.053589 
0.303741 
0.158295 
-0.074310 
0.312073 
-0.268372 
-0.179688 
0.249512 
-0.087708 
0.804810 
0.360107 
0.086670 
0.081757 
-0.250336 
-0.442474 
-0.237213 
0.184631 
0.205536 
-0.231689 
-0.074249 
0.283966 
-0.001404 
-0.416473 
-0.049957 
0.027191 
0.051849 
-0.081024 
-0.026733 
-0.143036 
-0.241547 
-0.421814 
-0.020599 
0.167816 
0.046875 
-0.139465 
-0.185669 
-0.391907 
0.400146 
0.310516 
0.077362 
-0.024597 
-0.071381 
0.066162 
-0.004578 
0.178741 
-0.228577 
-0.210663 
-0.200623 
0.154144 
0.189087 
-0.163055 
-0.431946 
-0.069763 
-0.010101 
-0.237579 
0.082947 
0.194672 
-0.236694 
-0.094147 
0.280853 
-0.365082 
-0.080658 
0.069611 
0.029175 
-0.390869 
-0.147705 
-0.043823 
-0.620636 
-0.005737 
0.195068 
0.422882 
-0.035309 
0.210785 
-0.250946 
0.011047 
0.142090 
-0.097046 
-0.086365 
-0.007111 
0.096619 
-0.111115 
0.067352 
0.039764 
-0.016174 
0.054474 
-0.010895 
0.021942 
-0.038116 
0.005005 
0.002472 
-0.014557 
-0.012848 
-0.000641 
-0.005096 
-0.007629 
-0.017303 
-0.012207 
-0.024139 
-0.007294 
0.004364 
-0.026642 
-0.026245 
-0.009308 
-0.015198 
-0.031921 
-0.031708 
-0.020996 
-0.032379 
-0.039551 
-0.013367 
0.006561 
-0.040253 
-0.032745 
0.000427 
-0.010620 
-0.027954 
-0.005157 
-0.005005 
-0.020477 
-0.012268 
0.024902 
-0.005768 
-0.015015 
-0.003876 
-0.007599 
-0.001740 
0.002380 
-0.000458 
-0.015594 
0.009613 
-0.003571 
-0.003784 
-0.014862 
0.016052 
-0.001740 
-0.015778 
-0.053772 
0.006134 
-0.008240 
0.006836 
-0.028778 
-0.002625 
-0.027130 
-0.000427 
-0.007843 
-0.000793 
-0.011200 
-0.003265 
-0.001892 
-0.001007 
0.014954 
-0.008118 
-0.021545 
0.027893 
-0.004578 
0.007446 
-0.000458 
0.027100 
-0.000214 
-0.020813 
0.002380 
0.005524 
0.005615 
0.036377 
0.007690 
-0.013855 
0.002289 
0.014221 
0.000397 
-0.019653 
-0.010101 
-0.004364 
0.003174 
-0.011230 
-0.001617 
0.004456 
-0.002960 
0.001556 
0.040314 
0.004486 
0.017365 
0.033875 
0.000580 
0.004059 
0.016754 
0.018616 
-0.011810 
-0.000854 
0.182068 
-0.121277 
-0.063324 
0.123016 
0.112671 
0.377411 
-0.544800 
-0.285767 
0.254700 
-0.331909 
-0.384399 
0.102661 
0.053864 
0.028687 
-0.022919 
-0.169098 
0.116180 
0.252350 
0.012604 
-0.206665 
0.220367 
0.034241 
0.137390 
0.207916 
0.161133 
-0.047455 
0.085205 
0.135864 
0.234528 
-0.098022 
0.141113 
0.028992 
0.005646 
0.057220 
-0.038025 
0.356476 
0.111420 
-0.094055 
-0.024628 
-0.167877 
-0.106903 
0.036591 
0.113892 
0.028778 
-0.180756 
-0.122589 
0.028778 
0.244507 
-0.139954 
0.308746 
0.030487 
0.051300 
-0.200439 
-0.231415 
-0.080933 
-0.166321 
-0.107849 
-0.012115 
0.016052 
0.050781 
-0.048340 
0.093689 
0.089874 
0.140503 
0.054321 
-0.018951 
-0.011536 
0.043518 
-0.013855 
0.032715 
-0.036438 
-0.010468 
-0.078430 
0.014832 
-0.123169 
0.028320 
-0.018219 
-0.041962 
0.021637 
0.030762 
0.037048 
-0.033966 
-0.176483 
0.001923 
-0.068176 
0.001282 
-0.012238 
-0.036469 
0.066742 
0.068848 
0.038208 
-0.009277 
-0.012421 
0.004456 
0.022125 
-0.017578 
-0.029358 
0.025726 
-0.043854 
0.006561 
-0.002655 
-0.009033 
0.037231 
-0.020660 
0.003601 
-0.038544 
0.022644 
-0.001007 
0.120758 
0.007416 
-0.058075 
-0.118042 
-0.050873 
-0.034668 
0.012115 
0.015320 
0.014252 
0.019531 
0.010803 
0.013550 
0.001404 
-0.031372 
0.000336 
0.021423 
-0.000732 
0.006775 
-0.003174 
-0.003174 
0.005310 
0.016937 
0.015625 
0.002502 
0.000854 
-0.009857 
-0.002258 
-0.004791 
-0.011719 
0.004517 
0.005737 
-0.002655 
-0.009369 
0.000000 
0.013031 
-0.019531 
-0.000366 
-0.003265 
0.008301 
-0.001465 
0.001343 
-0.010956 
0.000580 
-0.015289 
0.004730 
-0.011658 
0.001587 
-0.014191 
0.002625 
0.006958 
0.011139 
-0.002930 
-0.007996 
-0.001404 
0.011871 
0.007813 
-0.023529 
-0.003265 
0.015503 
0.014648 
0.012634 
0.004425 
-0.004700 
0.003235 
-0.012695 
0.015381 
0.010620 
-0.003265 
-0.004517 
0.003815 
0.007172 
-0.002777 
-0.028442 
0.023590 
-0.020111 
-0.001953 
-0.017273 
-0.004181 
0.007599 
-0.013245 
0.003082 
0.007080 
0.004608 
0.000793 
-0.010223 
0.005096 
-0.018433 
-0.007355 
-0.006683 
0.015564 
-0.005951 
-0.015625 
0.010681 
-0.002930 
0.003479 
-0.009216 
0.021515 
-0.002502 
-0.005402 
-0.008850 
0.011627 
0.002228 
0.002380 
-0.018799 
0.016907 
-0.015961 
0.001190 
0.006989 
0.009949 
-0.017090 
-0.022217 
-0.000336 
0.010101 
-0.013489 
0.010162 
-0.023621 
0.004272 
-0.010254 
-0.001709 
0.014343 
-0.014771 
-0.006500 
-0.000244 
0.008759 
0.003418 
-0.002838 
0.001801 
-0.001892 
-0.025970 
0.003174 
-0.003387 
0.002899 
0.003540 
0.004456 
-0.019562 
0.023712 
0.003662 
-0.015472 
0.000336 
0.014832 
-0.005859 
0.001953 
0.013275 
0.010254 
-0.016388 
-0.002930 
0.018066 
-0.000244 
0.008301 
-0.011902 
0.011230 
-0.006897 
-0.014648 
0.013824 
0.001862 
-0.011963 
-0.012482 
0.007172 
0.004761 
-0.005798 
0.006470 
-0.011353 
-0.025909 
-0.008240 
0.002533 
-0.002136 
-0.020477 
0.005798 
0.011749 
0.009827 
-0.006805 
-0.001587 
-0.014435 
0.012115 
-0.001038 
-0.022827 
0.008514 
-0.005737 
0.005707 
0.010803 
0.000336 
0.012848 
-0.010895 
-0.007446 
0.005463 
0.016113 
-0.007996 
0.001343 
-0.012238 
-0.002106 
0.007721 
0.008240 
0.018677 
-0.005737 
0.001526 
0.015442 
-0.012665 
-0.001831 
0.011261 
0.019073 
0.002167 
-0.002869 
-0.001495 
-0.002319 
-0.003632 
-0.007355 
0.020050 
-0.012421 
-0.000824 
-0.001068 
0.013611 
-0.018890 
-0.003265 
-0.001617 
0.007385 
0.019592 
-0.002563 
-0.001678 
-0.006042 
-0.030823 
0.013916 
0.015625 
0.000031 
-0.019714 
0.032227 
